times_manualUpdate = [ 574743722, 581639118, 586637592, 599566808, 597469477, 591314376, 576978278, 594706799, 567839274, 594996754]

times_sortAgain = [ 9501741, 5013968, 2686924, 10465094, 11599924, 1756225, 15706683, 4286789, 1937964, 4057396]

times_refreshLocPtrs = [ 243434617, 243160524, 248286961, 250319441, 248897758, 247520438, 249944310, 249030542, 236947210, 254179979]

times_refreshAgents = [ 329137297, 335469889, 335840417, 347058559, 346339183, 341320290, 324878123, 343426136, 328426484, 338801319]

times_refreshLocations = [ 540629, 537701, 535177, 548668, 529974, 645432, 553211, 559603, 537701, 539274]

